,연도,분기,지역,hum,tem,rain,SO2,NO2,O3,CO,PM10,PM2.5,sacbrood,wind,sun
0,2018,1,경기,62.10539658101508,-0.1666666666666666,32.766666666666666,0.0049462365591397,0.0291827956989247,0.0211505376344086,0.5806451612903226,56.774193548387096,35.946236559139784,1,1.786666667,62.24400000000001
1,2018,2,경기,70.88437652457114,17.166666666666668,156.96666666666667,0.0035376344086021,0.0198387096774193,0.0368172043010752,0.3967741935483869,46.24731182795699,24.365591397849464,1,1.813333333,52.40533333333333
2,2018,3,경기,77.07495688675588,24.7,183.0,0.0030645161290322,0.0140645161290322,0.0272473118279569,0.3483870967741934,24.236559139784948,12.397849462365592,1,1.466666667,54.03466666666667
3,2018,4,경기,68.50629322903679,5.233333333333333,66.13333333333334,0.0035698924731182,0.0289139784946236,0.0145268817204301,0.556989247311828,48.24731182795699,27.591397849462364,1,1.26,60.63199999999999
4,2019,1,경기,60.782457786116325,1.1666666666666667,21.6,0.0043333333333333,0.0303440860215053,0.0210645161290322,0.646236559139785,68.70967741935483,42.204301075268816,1,1.493333333,62.63666666666667
5,2019,2,경기,65.62679666032551,17.0,46.56666666666666,0.0037204301075268,0.0196666666666666,0.0415806451612903,0.4344086021505375,43.30107526881721,21.83870967741936,1,1.613333333,57.768666666666654
6,2019,3,경기,79.94712368805634,24.03333333333333,212.5666666666667,0.0029139784946236,0.0146236559139784,0.0308279569892473,0.3978494623655912,26.967741935483872,14.554347826086955,0,1.386666667,42.696000000000005
7,2019,4,경기,72.90345875114241,7.033333333333332,52.833333333333336,0.0033655913978494,0.0258817204301075,0.0159354838709677,0.5236559139784945,42.68817204301075,23.301075268817204,0,1.233333333,55.89933333333333
8,2020,1,경기,66.37739586226887,3.0666666666666664,47.8,0.0033333333333333,0.0253655913978494,0.0222473118279569,0.5376344086021506,45.94623655913978,28.161290322580644,0,1.48,59.572
9,2020,2,경기,68.75199198318424,16.866666666666667,82.13333333333333,0.0029354838709677,0.0153118279569892,0.0419032258064516,0.4053763440860213,41.193548387096776,19.6989247311828,1,1.673333333,54.956
10,2020,3,경기,83.03753417264076,22.96666666666667,374.9,0.0026666666666666,0.0115698924731182,0.0277419354838709,0.372043010752688,22.193548387096776,11.956989247311828,1,1.44,34.66600000000001
11,2020,4,경기,67.52816972896153,5.733333333333333,23.566666666666663,0.0034516129032258,0.0246774193548387,0.0178709677419354,0.5172043010752688,42.483870967741936,23.9247311827957,0,1.233333333,62.41266666666668
12,2021,1,경기,64.22943320778342,1.9333333333333336,44.6,0.0034086021505376,0.0244516129032258,0.0234946236559139,0.5258064516129032,54.26881720430107,28.18279569892473,0,1.586666667,61.42933333333334
13,2021,2,경기,70.53260976197059,17.033333333333335,119.43333333333332,0.0028387096774193,0.0151935483870967,0.0406344086021505,0.393548387096774,48.12903225806452,19.591397849462364,0,1.513333333,48.97133333333333
14,2021,3,경기,78.7891820813188,24.166666666666668,144.20000000000002,0.0026451612903225,0.0110752688172042,0.0327204301075268,0.3795698924731181,22.161290322580644,11.24731182795699,1,1.246666667,45.198
15,2021,4,경기,72.3508568544412,6.733333333333333,42.0,0.002752688172043,0.0225483870967741,0.0183333333333333,0.4946236559139785,39.29032258064516,21.967741935483872,0,1.226666667,54.47866666666667
16,2022,1,경기,61.628899329283726,0.3999999999999997,34.300000000000004,0.0026881720430107,0.0235376344086021,0.0242795698924731,0.489247311827957,43.9010989010989,26.580645161290324,1,1.513333333,61.86333333333334
17,2022,2,경기,65.23561730845573,17.766666666666666,159.13333333333333,0.0021075268817204,0.0129247311827956,0.0430326086956521,0.3193548387096774,34.87777777777778,17.150537634408604,1,1.66,55.20666666666667
18,2022,3,경기,80.87504403240786,23.766666666666666,352.56666666666666,0.0018387096774193,0.0106129032258064,0.0316559139784946,0.3129032258064516,22.52173913043478,11.956989247311828,0,1.213333333,41.128
19,2022,4,경기,70.52025300679254,5.5,67.16666666666667,0.0023548387096774,0.0216774193548387,0.0181720430107526,0.4139784946236558,36.72043010752688,20.913978494623656,0,1.04,59.55799999999999
20,2023,1,경기,62.15788642287339,2.1,18.066666666666663,0.0025333333333333,0.0248666666666666,0.0242,0.47,57.66666666666666,30.666666666666668,0,1.26,62.236
21,2023,2,경기,69.1255479167628,17.766666666666666,133.63333333333333,0.0022,0.0131333333333333,0.0428666666666666,0.3333333333333333,46.333333333333336,19.666666666666668,0,1.446666667,48.15133333333333
22,2023,3,경기,83.13163863601297,24.6,270.8666666666666,0.0021333333333333,0.0098,0.0331666666666666,0.3466666666666667,24.33333333333333,13.333333333333334,0,1.2,38.949333333333335
23,2023,4,경기,72.60188401666808,6.466666666666666,72.93333333333334,0.0025666666666666,0.019,0.0220666666666666,0.43,34.333333333333336,19.33333333333333,0,1.28,51.85533333333333
24,2018,1,서울,55.42754729324538,0.8333333333333334,29.2,0.0053333333333333,0.034,0.0193333333333333,0.6,52.333333333333336,32.0,0,2.0,62.64000000000001
25,2018,2,서울,65.2673393204934,18.1,174.6,0.004,0.0266666666666666,0.0333333333333333,0.4333333333333333,43.66666666666666,24.33333333333333,0,1.8,54.23666666666666
26,2018,3,서울,71.71894012167787,26.03333333333333,152.23333333333332,0.0036666666666666,0.0183333333333333,0.027,0.4000000000000001,22.0,13.333333333333334,0,1.6,55.47666666666667
27,2018,4,서울,60.07761446836411,6.766666666666666,72.0,0.0046666666666666,0.034,0.0136666666666666,0.6,41.0,22.33333333333333,0,1.566666667,64.82666666666667
28,2019,1,서울,52.13898383639418,2.4,16.866666666666667,0.005,0.0363333333333333,0.0193333333333333,0.7000000000000001,64.0,39.333333333333336,0,1.9,62.66
29,2019,2,서울,57.97260825780463,18.0,53.03333333333333,0.0043333333333333,0.0256666666666666,0.037,0.4666666666666666,40.66666666666666,23.33333333333333,0,1.9,60.23666666666667
30,2019,3,서울,74.5559820124309,25.23333333333333,174.9,0.0036666666666666,0.019,0.0283333333333333,0.4000000000000001,24.0,15.666666666666666,0,1.866666667,45.75
31,2019,4,서울,65.67236823412416,8.466666666666667,52.3,0.0036666666666666,0.0313333333333333,0.015,0.6,37.66666666666666,21.0,0,2.133333333,63.06
32,2020,1,서울,59.395398148944096,3.9333333333333336,43.3,0.0033333333333333,0.031,0.0196666666666666,0.6,42.66666666666666,27.33333333333333,0,2.3,62.56333333333333
33,2020,2,서울,62.679841554386165,17.666666666666668,89.63333333333333,0.003,0.02,0.038,0.4000000000000001,38.333333333333336,20.33333333333333,0,2.566666667,52.86333333333334
34,2020,3,서울,78.57444682369736,24.0,375.8666666666666,0.0026666666666666,0.0153333333333333,0.026,0.3666666666666667,21.0,12.666666666666666,0,2.4,30.383333333333336
35,2020,4,서울,59.23962861589653,7.333333333333333,41.56666666666666,0.0033333333333333,0.0289999999999999,0.0169999999999999,0.5666666666666668,39.0,22.666666666666668,0,2.166666667,63.21
36,2021,1,서울,56.83432823615995,3.1,45.63333333333333,0.0033333333333333,0.031,0.0206666666666666,0.5666666666666667,51.0,27.33333333333333,0,2.5,58.78666666666667
37,2021,2,서울,64.01767634854772,18.03333333333333,137.26666666666665,0.003,0.0196666666666666,0.038,0.4000000000000001,45.333333333333336,19.33333333333333,0,2.4,46.98333333333334
38,2021,3,서울,71.96262558284863,25.53333333333333,170.16666666666666,0.003,0.015,0.0343333333333333,0.3666666666666667,20.33333333333333,11.666666666666666,0,2.133333333,40.85666666666666
39,2021,4,서울,63.98916462775254,8.133333333333333,42.43333333333334,0.003,0.0279999999999999,0.018,0.5333333333333333,37.0,20.666666666666668,0,2.166666667,54.67333333333334
40,2022,1,서울,53.80927596321373,1.4666666666666668,37.6,0.0033333333333333,0.0279999999999999,0.0233333333333333,0.5333333333333333,41.333333333333336,25.33333333333333,0,2.433333333,60.44
41,2022,2,서울,58.90755731051881,19.066666666666663,140.56666666666666,0.0026666666666666,0.016,0.0426666666666666,0.3666666666666667,33.333333333333336,17.0,1,2.6,53.623333333333335
42,2022,3,서울,74.53187774808173,25.133333333333336,339.5333333333333,0.003,0.0143333333333333,0.0326666666666666,0.3333333333333333,22.33333333333333,12.666666666666666,0,2.266666667,38.13999999999999
43,2022,4,서울,61.80052527181898,7.266666666666667,74.06666666666666,0.003,0.0253333333333333,0.0186666666666666,0.4666666666666666,34.0,18.33333333333333,0,2.2,63.126666666666665
44,2023,1,서울,53.75150133451957,3.5333333333333337,19.8,0.0031,0.0284999999999999,0.0237333333333333,0.5566666666666666,54.0,29.0,0,2.333333333,64.13
45,2023,2,서울,62.028424199079424,18.9,149.36666666666667,0.0027666666666666,0.0164333333333333,0.0427666666666666,0.3933333333333333,43.0,18.666666666666668,0,2.333333333,47.96
46,2023,3,서울,77.44043163899285,25.866666666666664,297.5,0.0026666666666666,0.0131666666666666,0.0347666666666666,0.36,22.33333333333333,13.666666666666666,0,2.1,37.21333333333333
47,2023,4,서울,65.2005359056806,7.900000000000001,66.26666666666667,0.0026999999999999,0.0236666666666666,0.0222666666666666,0.49,31.33333333333333,17.666666666666668,0,2.3,55.083333333333336
48,2018,1,강원,59.556017838012906,0.0333333333333335,33.233333333333334,0.0037222222222222,0.0187777777777777,0.0283333333333333,0.5944444444444444,42.888888888888886,29.38888888888889,0,2.045238095,61.773809523809526
49,2018,2,강원,71.50019699581384,16.566666666666666,129.36666666666665,0.002,0.0126666666666666,0.0441666666666666,0.35,42.888888888888886,22.944444444444443,1,1.942857143,51.98571428571429
50,2018,3,강원,83.36527179653855,23.066666666666663,238.4333333333333,0.0018333333333333,0.0099444444444444,0.0271666666666666,0.2777777777777778,24.72222222222222,14.166666666666666,1,1.538095238,47.44071428571428
51,2018,4,강원,69.43394520156748,5.333333333333333,82.33333333333333,0.00265,0.0174,0.02,0.465,35.75,19.9,1,1.50952381,57.218809523809526
52,2019,1,강원,58.90981202296096,1.5666666666666669,23.1,0.0031458333333333,0.0145833333333333,0.03025,0.548936170212766,53.895833333333336,32.75,0,1.74047619,63.695
53,2019,2,강원,66.06341618125981,16.333333333333332,59.833333333333336,0.0022407407407407,0.009,0.0470555555555555,0.3999999999999999,37.0,18.814814814814813,1,1.771428571,55.99142857142856
54,2019,3,강원,85.10332178984781,22.933333333333334,194.3333333333333,0.0019444444444444,0.0065185185185185,0.0289629629629629,0.3592592592592593,23.98148148148148,12.48148148148148,1,1.461904762,40.94642857142858
55,2019,4,강원,73.66776291146637,7.233333333333333,87.63333333333333,0.0026226415094339,0.0126226415094339,0.0216226415094339,0.4603773584905659,32.716981132075475,18.69811320754717,0,1.485714286,51.96880952380951
56,2020,1,강원,67.64263463343859,2.966666666666667,55.833333333333336,0.0027037037037037,0.012074074074074,0.0288333333333333,0.487037037037037,34.907407407407405,22.64814814814815,0,1.75,58.19976190476192
57,2020,2,강원,69.45325734188238,16.23333333333333,92.4,0.0023888888888888,0.0076851851851851,0.0427962962962963,0.3629629629629629,34.44444444444444,17.166666666666668,1,1.878571429,54.04380952380953
58,2020,3,강원,86.34665126860116,21.86666666666667,361.4333333333334,0.0022222222222222,0.0059444444444444,0.0263518518518518,0.3814814814814814,17.64814814814815,9.62962962962963,1,1.54047619,33.256428571428565
59,2020,4,강원,65.73010116814065,5.8,15.366666666666667,0.002537037037037,0.0119814814814814,0.0244259259259259,0.4462962962962962,30.925925925925927,17.943396226415093,0,1.528571429,61.49357142857142
60,2021,1,강원,61.85692587888197,1.9,38.8,0.0027407407407407,0.0116851851851851,0.0303333333333333,0.4925925925925925,41.18518518518518,18.814814814814813,0,1.854761905,59.73857142857143
61,2021,2,강원,71.80593144481887,16.0,113.6,0.0021481481481481,0.0069259259259259,0.0393518518518518,0.3777777777777777,35.67307692307692,14.055555555555555,1,1.661904762,47.85119047619048
62,2021,3,강원,85.57189808514775,22.899999999999995,175.9333333333333,0.0021111111111111,0.0055,0.0280185185185185,0.3759259259259259,16.22,8.185185185185185,0,1.295238095,41.87238095238095
63,2021,4,강원,71.8641101023372,6.833333333333333,48.333333333333336,0.0024074074074074,0.0108518518518518,0.0252777777777777,0.4203703703703703,26.607843137254903,14.807692307692308,0,1.573809524,54.01595238095237
64,2022,1,강원,61.09603428248139,0.4666666666666668,32.5,0.0024074074074074,0.0122407407407407,0.0327962962962962,0.4537037037037038,34.27777777777778,20.90740740740741,1,1.728571429,62.76952380952381
65,2022,2,강원,66.20897724163365,17.266666666666666,105.36666666666667,0.002,0.0073148148148148,0.0478888888888889,0.3185185185185186,27.75925925925926,13.5,1,1.811904762,55.26619047619048
66,2022,3,강원,85.60578659709844,22.73333333333333,271.56666666666666,0.0018518518518518,0.0057407407407407,0.0271481481481481,0.312962962962963,15.88888888888889,7.833333333333333,1,1.285714286,38.34595238095238
67,2022,4,강원,69.75765072112966,5.633333333333333,79.16666666666667,0.0022037037037037,0.0109814814814814,0.0240185185185185,0.3925925925925926,25.444444444444443,14.351851851851851,0,1.430952381,54.792142857142856
68,2023,1,강원,61.3539740215843,2.2,26.33333333333333,0.0026333333333333,0.0144,0.0311333333333333,0.47,43.0,23.33333333333333,1,1.519047619,60.2245238095238
69,2023,2,강원,69.57432376146897,17.0,122.03333333333336,0.0017333333333333,0.0073,0.0442333333333333,0.33,39.333333333333336,14.333333333333334,1,1.657142857,51.5295238095238
70,2023,3,강원,86.31443896867033,23.73333333333333,260.40000000000003,0.0017333333333333,0.0052666666666666,0.0291333333333333,0.3166666666666666,19.33333333333333,8.666666666666666,1,1.269047619,39.28428571428572
71,2023,4,강원,71.24783049701341,6.5,74.26666666666667,0.0022333333333333,0.0104333333333333,0.0270666666666666,0.3899999999999999,25.666666666666668,15.0,0,1.595238095,54.766666666666666
72,2018,1,충북,64.08773272124458,0.2333333333333334,46.366666666666674,0.0046666666666666,0.0238888888888888,0.0238333333333333,0.7333333333333334,50.333333333333336,34.111111111111114,0,2.0,59.576
73,2018,2,충북,69.6356676217765,17.566666666666666,112.33333333333331,0.003,0.0147083333333333,0.0385833333333333,0.375,44.208333333333336,25.375,1,1.966666667,52.03266666666666
74,2018,3,충북,78.74862755773331,24.433333333333334,230.5666666666667,0.0029166666666666,0.0156666666666666,0.0271666666666666,0.3083333333333333,26.95833333333333,15.208333333333334,1,1.653333333,50.42533333333334
75,2018,4,충북,74.69279336159467,5.4,67.66666666666667,0.0037083333333333,0.0249583333333333,0.0149583333333333,0.5478260869565217,51.29166666666666,30.83333333333333,0,1.446666667,57.88400000000001
76,2019,1,충북,62.6760847394771,1.6333333333333335,21.7,0.0042258064516129,0.0230645161290322,0.0246129032258064,0.6096774193548388,65.25806451612904,46.0,0,1.806666667,61.68333333333333
77,2019,2,충북,64.67661270008473,17.033333333333335,62.9,0.0029696969696969,0.0137878787878787,0.0425454545454545,0.3575757575757576,41.90909090909091,24.78787878787879,1,1.733333333,56.01800000000001
78,2019,3,충북,81.48557114682747,23.8,162.2,0.0025151515151515,0.0096666666666666,0.0268787878787878,0.3333333333333333,24.303030303030305,15.484848484848484,1,1.486666667,39.91866666666667
79,2019,4,충북,76.57077356092246,7.233333333333333,66.9,0.0029393939393939,0.0188181818181818,0.0165757575757575,0.5212121212121213,41.696969696969695,26.96969696969697,0,1.353333333,52.86866666666666
80,2020,1,충북,68.1726889214967,3.333333333333333,51.1,0.003090909090909,0.0179393939393939,0.0242121212121212,0.5666666666666667,42.7,29.545454545454547,0,1.66,55.09333333333333
81,2020,2,충북,66.86764943364015,16.933333333333334,86.39999999999999,0.003125,0.00978125,0.04215625,0.39375,37.23333333333333,20.15625,1,1.86,53.85666666666668
82,2020,3,충북,85.34469257210499,22.63333333333333,359.0,0.0027878787878787,0.008090909090909,0.0249090909090909,0.3424242424242424,19.87878787878788,10.93939393939394,0,1.406666667,31.551333333333336
83,2020,4,충북,71.138191156408,5.733333333333333,15.433333333333332,0.003090909090909,0.0167575757575757,0.020060606060606,0.5060606060606061,38.96969696969697,25.21212121212121,1,1.433333333,59.33133333333333
84,2021,1,충북,65.20354232227871,2.3666666666666667,38.5,0.0029393939393939,0.0165757575757575,0.0275757575757575,0.5393939393939394,49.15151515151515,26.848484848484848,0,1.786666667,59.24466666666667
85,2021,2,충북,69.82638224984066,16.933333333333334,101.2,0.0022903225806451,0.0108064516129032,0.0422258064516129,0.4129032258064517,40.54838709677419,19.29032258064516,1,1.666666667,47.23533333333333
86,2021,3,충북,83.08320664663249,23.633333333333336,214.7,0.0022424242424242,0.0081818181818181,0.0283030303030303,0.3575757575757576,18.545454545454547,9.303030303030305,0,1.353333333,40.53
87,2021,4,충북,76.82532655534608,6.900000000000001,29.399999999999995,0.0023333333333333,0.0158181818181818,0.0206060606060606,0.4939393939393939,36.81818181818182,22.848484848484848,1,1.433333333,54.838
88,2022,1,충북,63.20861211185452,0.8666666666666666,27.46666666666667,0.0023333333333333,0.0171515151515151,0.0278181818181818,0.4818181818181818,42.696969696969695,27.454545454545453,0,1.72,62.804
89,2022,2,충북,64.0274967750696,17.933333333333334,73.0,0.002030303030303,0.0096363636363636,0.045030303030303,0.3393939393939393,31.78125,17.032258064516128,1,1.66,56.01800000000001
90,2022,3,충북,83.06374756368035,23.6,258.3,0.0019696969696969,0.0075454545454545,0.0282424242424242,0.3212121212121212,19.60606060606061,11.848484848484848,0,1.386666667,38.374
91,2022,4,충북,75.3836561600727,5.600000000000001,55.23333333333333,0.0021212121212121,0.0156666666666666,0.0197878787878787,0.4272727272727273,35.84848484848485,22.60606060606061,1,1.313333333,58.12266666666666
92,2023,1,충북,63.56991653041907,2.5000000000000004,17.433333333333334,0.0024333333333333,0.0175333333333333,0.0264666666666666,0.5033333333333333,55.0,30.0,0,1.493333333,62.41066666666667
93,2023,2,충북,67.81403878153972,17.866666666666667,128.16666666666666,0.0019333333333333,0.0099666666666666,0.0426666666666666,0.3366666666666666,44.0,18.33333333333333,1,1.623529412,50.01294117647059
94,2023,3,충북,84.51540399798421,24.53333333333333,376.4,0.0017,0.0075333333333333,0.0285666666666666,0.3333333333333333,22.0,12.666666666666666,1,1.294444444,38.82888888888889
95,2023,4,충북,75.1732970027248,6.833333333333333,55.833333333333336,0.0019666666666666,0.0141666666666666,0.0228666666666666,0.4733333333333333,33.333333333333336,20.0,0,1.494444444,53.59722222222222
96,2018,1,충남,69.73152204306086,0.9,19.4,0.0039512195121951,0.018,0.0258780487804878,0.5,48.48780487804878,27.634146341463413,0,1.655555556,56.97500000000001
97,2018,2,충남,76.25799475452078,17.266666666666666,138.7,0.0034444444444444,0.0098444444444444,0.0429333333333333,0.3466666666666667,41.55555555555556,19.933333333333334,1,1.744444444,50.98722222222222
98,2018,3,충남,79.80517977120029,24.8,211.0,0.0034444444444444,0.0084666666666666,0.0305333333333333,0.3955555555555554,22.288888888888888,11.866666666666667,1,1.477777778,52.58166666666667
99,2018,4,충남,70.94975656388253,6.400000000000001,147.2,0.0036666666666666,0.019,0.0207111111111111,0.58,43.4,24.42222222222222,0,1.222222222,58.535
100,2019,1,충남,67.32948998299207,1.9666666666666668,1.8,0.0045333333333333,0.0186666666666666,0.0281555555555555,0.6688888888888889,60.84444444444444,37.77777777777778,0,1.427777778,58.64555555555556
101,2019,2,충남,72.61471640265712,16.5,62.2,0.0040222222222222,0.0112,0.0460222222222222,0.4755555555555555,41.51111111111111,23.33333333333333,0,1.505555556,52.68055555555557
102,2019,3,충남,83.50641376375464,23.933333333333334,190.8,0.0033333333333333,0.0081777777777777,0.0338444444444444,0.3999999999999999,25.95555555555556,15.6,0,1.461111111,38.69388888888889
103,2019,4,충남,73.88035424178786,8.233333333333334,81.5,0.0032666666666666,0.0153777777777777,0.022,0.4666666666666667,40.66666666666666,23.8,0,1.227777778,54.278888888888886
104,2020,1,충남,70.9517848597952,3.8,64.8,0.0033777777777777,0.0156666666666666,0.0262,0.4777777777777778,45.06666666666667,29.22222222222222,0,1.427777778,56.10222222222223
105,2020,2,충남,74.5931308804406,16.599999999999998,19.9,0.0031777777777777,0.0091333333333333,0.0425111111111111,0.3955555555555555,38.15555555555556,19.444444444444443,0,1.666666667,53.56166666666668
106,2020,3,충남,86.180325367612,23.266666666666666,417.7,0.0032,0.0075333333333333,0.0308666666666666,0.3644444444444445,22.95555555555556,12.555555555555555,1,1.522222222,32.19555555555556
107,2020,4,충남,69.87155382966387,7.0,12.6,0.0040666666666666,0.0157555555555555,0.0244444444444444,0.4888888888888889,39.91111111111111,23.8,1,1.194444444,57.065000000000005
108,2021,1,충남,70.67236835027701,3.0,26.6,0.0041111111111111,0.0156444444444444,0.0308888888888888,0.4844444444444444,57.37777777777778,29.4,0,1.572222222,57.98222222222223
109,2021,2,충남,74.18495292268014,17.133333333333333,60.5,0.00375,0.0096136363636363,0.0473636363636363,0.3727272727272728,47.29545454545455,20.59090909090909,0,1.594444444,48.23166666666666
110,2021,3,충남,81.92073773565609,24.33333333333333,162.3,0.0035777777777777,0.0077111111111111,0.0362222222222222,0.3733333333333333,20.844444444444445,11.488888888888887,0,1.361111111,42.51764705882353
111,2021,4,충남,74.19151039623382,8.066666666666666,44.6,0.0033555555555555,0.0143555555555555,0.0264222222222222,0.4399999999999999,38.15555555555556,21.77777777777778,0,1.216666667,54.23166666666666
112,2022,1,충남,67.22489075741525,1.4666666666666668,5.1,0.0035777777777777,0.0154666666666666,0.0321111111111111,0.4355555555555554,43.75555555555555,27.133333333333333,0,1.45,60.021111111111104
113,2022,2,충남,72.04272832295744,17.7,55.4,0.0030666666666666,0.0085333333333333,0.0482666666666666,0.3177777777777778,32.86666666666667,16.22222222222222,1,1.794444444,57.45277777777778
114,2022,3,충남,83.06317706534368,24.100000000000005,151.5,0.0028,0.0068444444444444,0.0362888888888888,0.3444444444444445,22.444444444444443,11.88888888888889,1,1.472222222,39.14666666666667
115,2022,4,충남,73.2979553163149,6.733333333333333,114.5,0.0029555555555555,0.0144,0.0255777777777777,0.4088888888888888,37.82222222222222,21.11111111111111,1,1.176470588,56.58833333333334
116,2023,1,충남,66.76798524005562,2.9000000000000004,29.4,0.0032333333333333,0.0161,0.0315,0.4433333333333333,58.333333333333336,30.33333333333333,0,1.405555556,63.63611111111111
117,2023,2,충남,74.41198715855914,17.833333333333332,46.0,0.0029,0.009,0.0465666666666666,0.3333333333333333,47.333333333333336,19.666666666666668,1,1.588888889,50.20055555555555
118,2023,3,충남,85.85955025956909,24.96666666666667,653.5,0.0028666666666666,0.0072,0.0356,0.38,24.33333333333333,13.666666666666666,0,1.311111111,41.39555555555556
119,2023,4,충남,75.50914989186491,8.133333333333333,21.0,0.0029666666666666,0.0122999999999999,0.0279666666666666,0.41,34.0,19.33333333333333,0,1.422222222,49.492777777777775
120,2018,1,경남,59.19825544586958,3.533333333333333,78.5,0.004076923076923,0.0193076923076923,0.0282962962962962,0.4923076923076923,43.34615384615385,23.76923076923077,0,1.778571429,61.83309523809523
121,2018,2,경남,75.24353754159007,18.266666666666666,162.0666666666667,0.0042222222222222,0.0148148148148148,0.0446296296296296,0.3703703703703703,46.2962962962963,21.62962962962963,0,1.702380952,49.04309523809523
122,2018,3,경남,83.18098403952551,25.166666666666668,227.9333333333333,0.0039259259259259,0.0114814814814814,0.0317407407407407,0.3444444444444444,28.59259259259259,13.25925925925926,1,28.36060976,46.13000000000001
123,2018,4,경남,69.45192373247279,8.666666666666666,91.43333333333334,0.0034074074074074,0.0198148148148148,0.0233076923076923,0.4407407407407407,39.629629629629626,19.03703703703704,0,1.330952381,58.09499999999999
124,2019,1,경남,58.51303020638753,5.066666666666666,37.56666666666667,0.0035714285714285,0.0173809523809523,0.0339047619047619,0.4904761904761904,49.21428571428572,24.61904761904762,0,1.678571429,64.27214285714287
125,2019,2,경남,71.76556288590037,17.8,159.13333333333333,0.0035,0.0132619047619047,0.048095238095238,0.3809523809523809,40.16666666666666,18.38095238095238,0,1.50952381,55.024761904761895
126,2019,3,경남,85.94512484197219,24.53333333333333,239.53333333333333,0.0027948717948717,0.0105897435897435,0.0309743589743589,0.3948717948717949,28.41025641025641,13.21951219512195,0,1.407142857,40.2304761904762
127,2019,4,경남,70.98801652091292,10.1,93.26666666666668,0.00284,0.01652,0.0235599999999999,0.42,32.22,16.02,0,1.354761905,57.22238095238096
128,2020,1,경남,65.98721137393943,6.133333333333333,69.13333333333334,0.0031666666666666,0.0151481481481481,0.0300925925925925,0.4425925925925925,30.5,18.38888888888889,0,1.638095238,58.01952380952381
129,2020,2,경남,71.27071178529755,17.766666666666666,131.03333333333333,0.003037037037037,0.0103333333333333,0.0472777777777777,0.3611111111111111,31.28846153846154,15.62962962962963,1,1.680952381,55.87738095238095
130,2020,3,경남,87.05670801442773,23.6,403.3666666666666,0.0026851851851851,0.0086666666666666,0.0312037037037037,0.3277777777777778,23.11111111111111,12.74074074074074,1,1.4,33.61976190476191
131,2020,4,경남,64.09733910451997,9.0,25.23333333333333,0.0031111111111111,0.0147962962962962,0.0270925925925925,0.4129629629629629,29.14814814814815,16.48148148148148,0,1.469047619,62.13333333333334
132,2021,1,경남,62.71110518035734,5.566666666666667,68.0,0.0030555555555555,0.0139629629629629,0.0324444444444444,0.4129629629629628,39.14814814814815,18.703703703703702,0,1.788095238,59.32880952380953
133,2021,2,경남,70.54883222687359,18.066666666666663,110.83333333333331,0.0029074074074074,0.0103703703703703,0.0453703703703703,0.3574074074074075,33.01851851851852,15.62962962962963,1,1.621428571,50.44476190476191
134,2021,3,경남,84.74176111140126,24.76666666666667,282.06666666666666,0.0028113207547169,0.0077169811320754,0.0320566037735849,0.3113207547169811,18.98076923076923,10.68627450980392,0,1.334146341,36.56261904761904
135,2021,4,경남,70.14345996876102,9.766666666666666,32.56666666666667,0.0030925925925925,0.0142407407407407,0.0265555555555555,0.4314814814814813,27.25925925925926,16.11111111111111,0,1.45,61.675238095238086
136,2022,1,경남,54.29739217652959,4.266666666666667,34.6,0.0032222222222222,0.0149444444444444,0.0338703703703703,0.4703703703703702,30.444444444444443,18.83333333333333,1,1.79047619,64.20023809523809
137,2022,2,경남,68.06860171380454,18.83333333333333,77.06666666666666,0.003,0.0098148148148148,0.0450185185185185,0.3685185185185184,25.58490566037736,13.9811320754717,1,1.673809524,55.54857142857141
138,2022,3,경남,82.46823691223244,24.866666666666664,176.03333333333333,0.0027592592592592,0.0081111111111111,0.0320555555555555,0.3537037037037038,19.39622641509434,10.90566037735849,0,1.402380952,38.51714285714286
139,2022,4,경남,65.94996751864878,9.166666666666666,28.366666666666664,0.0028518518518518,0.0138518518518518,0.0270555555555555,0.4148148148148147,26.296296296296298,15.648148148148149,0,1.438095238,63.50761904761904
140,2023,1,경남,60.258650509252455,5.533333333333334,45.86666666666667,0.0032,0.0185666666666666,0.0309,0.4866666666666666,38.66666666666666,20.666666666666668,0,1.528571429,60.915238095238095
141,2023,2,경남,74.17632945028086,18.33333333333333,197.5,0.0027333333333333,0.0116666666666666,0.0429666666666666,0.3733333333333333,36.66666666666666,15.333333333333334,1,1.578571429,46.73428571428572
142,2023,3,경남,86.36495130268113,25.600000000000005,391.76666666666665,0.0025666666666666,0.0100333333333333,0.0283999999999999,0.3566666666666666,19.666666666666668,12.333333333333334,1,1.23902439,38.725
143,2023,4,경남,69.212085951439,9.866666666666664,52.333333333333336,0.0027333333333333,0.0150333333333333,0.0283333333333333,0.4366666666666667,24.0,15.0,0,1.464285714,60.00404761904761
144,2018,1,경북,57.92067517682532,1.933333333333333,57.53333333333334,0.0049629629629629,0.0174074074074074,0.0278888888888888,0.5925925925925926,48.81481481481482,31.791666666666668,0,2.425641026,63.404358974358985
145,2018,2,경북,69.53843642892117,17.7,105.56666666666668,0.0038148148148148,0.011074074074074,0.0439629629629629,0.4370370370370371,48.2962962962963,23.416666666666668,1,2.071794872,51.84307692307693
146,2018,3,경북,81.1803536086555,24.23333333333333,186.8,0.0034074074074074,0.0097307692307692,0.0285555555555555,0.3555555555555556,26.03703703703704,15.0,1,1.612820513,47.05820512820513
147,2018,4,경북,70.31448153116658,7.099999999999999,88.96666666666665,0.0036538461538461,0.0183461538461538,0.0192692307692307,0.5307692307692308,48.0,27.384615384615383,1,1.738461538,57.82794871794871
148,2019,1,경북,57.245364838558096,3.6666666666666665,25.76666666666667,0.0038064516129032,0.0173870967741935,0.0311935483870967,0.4999999999999999,56.10714285714285,33.285714285714285,0,2.21025641,64.2230769230769
149,2019,2,경북,65.81222834729142,17.166666666666668,92.90000000000002,0.0037142857142857,0.0120857142857142,0.0465142857142857,0.3457142857142857,38.21875,17.78125,1,1.887179487,56.66000000000002
150,2019,3,경북,83.59284215316933,23.766666666666666,159.23333333333332,0.0030555555555555,0.0083611111111111,0.0299444444444444,0.3249999999999999,24.87878787878788,13.787878787878787,1,1.553846154,40.61230769230769
151,2019,4,경북,72.72906677185154,8.700000000000001,104.7,0.003675,0.014051282051282,0.02275,0.4525,34.054054054054056,18.61111111111111,0,1.769230769,54.93564102564103
152,2020,1,경북,65.53426862680298,4.733333333333333,60.96666666666667,0.0038275862068965,0.0124406779661016,0.0311355932203389,0.4610169491525424,32.85964912280702,20.363636363636363,0,2.112820513,56.869230769230775
153,2020,2,경북,66.43567039344542,17.066666666666666,87.66666666666667,0.003391304347826,0.0080579710144927,0.0460434782608695,0.355072463768116,32.68115942028985,15.92753623188406,1,2.035897436,57.38538461538461
154,2020,3,경북,84.95627044364699,22.566666666666663,286.83333333333337,0.0028985507246376,0.0067101449275362,0.0297246376811594,0.3057971014492753,19.33333333333333,11.18840579710145,1,1.497435897,33.9676923076923
155,2020,4,경북,64.21457989315202,7.399999999999999,19.433333333333334,0.0035362318840579,0.0126811594202898,0.0262898550724637,0.4231884057971014,32.98550724637681,20.05797101449276,1,1.933333333,61.085128205128186
156,2021,1,경북,60.037728930659824,3.5666666666666664,44.333333333333336,0.0036666666666666,0.0118405797101449,0.0325072463768115,0.4521739130434782,42.82608695652174,20.95652173913044,0,2.269230769,60.03641025641025
157,2021,2,경북,69.41430293982545,16.666666666666668,90.76666666666668,0.0028840579710144,0.0077246376811594,0.0441449275362318,0.3478260869565218,37.289855072463766,16.797101449275363,1,1.851282051,48.327692307692296
158,2021,3,경북,84.45547586282319,23.3,214.6,0.0026521739130434,0.0061014492753623,0.0303333333333333,0.3217391304347826,19.7536231884058,10.333333333333334,0,1.407692308,37.30282051282053
159,2021,4,경북,70.57163229774538,8.233333333333333,47.6,0.0028115942028985,0.0113333333333333,0.025231884057971,0.4057971014492753,30.30434782608696,17.405797101449274,1,1.866666667,58.01717948717949
160,2022,1,경북,54.982173318924325,2.433333333333333,28.96666666666667,0.0032028985507246,0.0119130434782608,0.0331014492753623,0.4391304347826086,36.36231884057971,21.797101449275363,0,2.243589744,65.11666666666666
161,2022,2,경북,62.882097148351015,18.2,50.13333333333333,0.0026231884057971,0.0072028985507246,0.046159420289855,0.3115942028985507,29.68115942028985,14.848484848484848,1,1.964102564,58.9676923076923
162,2022,3,경북,82.5430192605286,23.6,161.60000000000002,0.0023188405797101,0.0060144927536231,0.0296086956521739,0.2608695652173912,18.44927536231884,10.031746031746032,1,1.471794872,36.11153846153846
163,2022,4,경북,68.12711158307467,7.333333333333333,55.23333333333333,0.0026811594202898,0.0114347826086956,0.0252463768115942,0.3536231884057971,30.08695652173913,17.82089552238806,1,1.812820513,59.06282051282053
164,2023,1,경북,58.56690263432749,4.033333333333333,30.2,0.0029999999999999,0.0139666666666666,0.0312,0.4366666666666667,45.66666666666666,23.33333333333333,1,1.958974359,61.90307692307692
165,2023,2,경북,69.22665955963754,17.666666666666668,132.29999999999998,0.0025333333333333,0.0086333333333333,0.0432666666666666,0.3233333333333333,43.0,17.333333333333332,1,1.78974359,51.5148717948718
166,2023,3,경북,85.03604226486306,24.566666666666663,296.6666666666667,0.0025,0.0072,0.0296666666666666,0.3133333333333333,23.666666666666668,13.0,1,1.382051282,39.66564102564103
167,2023,4,경북,68.63401117926,8.133333333333335,55.96666666666666,0.0026333333333333,0.0117,0.0282333333333333,0.42,31.33333333333333,18.33333333333333,1,1.856410256,60.46179487179488
168,2018,1,전북,72.65191282170183,1.7,54.70000000000001,0.0036785714285714,0.0168571428571428,0.0319285714285714,0.5928571428571427,58.35714285714285,31.678571428571427,0,1.83,54.11933333333334
169,2018,2,전북,77.70906905796431,17.666666666666668,133.83333333333334,0.0034,0.0112,0.0453,0.4533333333333334,47.1,24.03333333333333,1,1.98,49.484666666666655
170,2018,3,전북,82.67451737451738,24.933333333333334,220.06666666666663,0.0030882352941176,0.0076875,0.0294411764705882,0.3735294117647059,22.852941176470587,12.588235294117649,1,1.73,52.246
171,2018,4,전북,76.23818620093692,7.166666666666667,69.83333333333333,0.0034615384615384,0.0148717948717948,0.0222051282051282,0.4974358974358975,46.51282051282051,27.487179487179485,0,1.506666667,58.06533333333333
172,2019,1,전북,70.23913144341854,2.6666666666666665,26.53333333333333,0.003547619047619,0.0144523809523809,0.0313809523809523,0.5333333333333333,61.47619047619048,40.21428571428572,0,1.793333333,58.21100000000001
173,2019,2,전북,74.75815989731365,16.7,86.73333333333333,0.0030714285714285,0.01,0.0469761904761904,0.3666666666666667,42.40476190476191,23.142857142857142,1,1.689655172,52.92400000000001
174,2019,3,전북,86.7106062285271,24.1,201.76666666666668,0.0027857142857142,0.0069523809523809,0.0304523809523809,0.3261904761904762,25.928571428571427,15.142857142857142,0,1.583333333,39.412
175,2019,4,전북,76.96553608368136,9.0,67.66666666666667,0.0027857142857142,0.0130714285714285,0.0241190476190476,0.4119047619047619,35.904761904761905,21.357142857142858,0,1.468965517,54.119
176,2020,1,전북,74.30091174648136,4.4,55.96666666666667,0.0028809523809523,0.0128333333333333,0.0289761904761904,0.4309523809523809,37.31707317073171,24.904761904761905,0,1.756666667,52.11366666666667
177,2020,2,전북,75.81903011452,16.633333333333336,99.46666666666664,0.0026190476190476,0.0084285714285714,0.0450238095238095,0.3452380952380953,36.26190476190476,20.59523809523809,1,1.95,52.36266666666666
178,2020,3,전북,87.00593616872686,23.33333333333333,424.26666666666665,0.0025,0.0064761904761904,0.0293809523809523,0.2928571428571428,20.547619047619047,13.61904761904762,0,1.673333333,32.36966666666667
179,2020,4,전북,71.64661540273595,7.633333333333333,27.766666666666666,0.0027619047619047,0.013595238095238,0.025095238095238,0.3928571428571428,33.8,21.025,0,1.533333333,55.63700000000001
180,2021,1,전북,71.70109497820341,3.8,52.76666666666667,0.0028333333333333,0.0134285714285714,0.0310952380952381,0.4214285714285713,49.90476190476191,25.214285714285715,0,1.82,53.77231884057971
181,2021,2,전북,72.10465136039971,17.433333333333334,90.59999999999998,0.0026666666666666,0.0082857142857142,0.0456190476190476,0.330952380952381,42.642857142857146,19.571428571428573,0,1.89,49.92499999999998
182,2021,3,전북,82.82845501803025,24.399999999999995,235.0,0.0025,0.006047619047619,0.0306904761904761,0.2904761904761905,19.357142857142858,10.071428571428571,0,1.503333333,40.169
183,2021,4,전북,75.72259151067128,8.566666666666666,47.03333333333333,0.0025,0.0120238095238095,0.0266190476190476,0.3690476190476191,34.166666666666664,19.214285714285715,0,1.52,53.28633333333333
184,2022,1,전북,66.87082728592162,2.1333333333333333,31.03333333333333,0.0028333333333333,0.0131428571428571,0.0329047619047619,0.4095238095238095,38.333333333333336,24.357142857142858,1,1.76,55.976333333333336
185,2022,2,전북,70.05689888032066,17.900000000000002,80.66666666666667,0.0024523809523809,0.0073571428571428,0.0453571428571428,0.3047619047619047,30.857142857142858,16.023809523809526,0,1.87,57.10033333333333
186,2022,3,전북,82.01856929743553,24.366666666666664,136.83333333333334,0.0023095238095238,0.0051666666666666,0.0303809523809523,0.269047619047619,20.714285714285715,11.88095238095238,1,1.74137931,38.006
187,2022,4,전북,73.319893463293,7.366666666666667,55.13333333333333,0.0021666666666666,0.0111190476190476,0.0262619047619047,0.3166666666666666,34.976190476190474,21.38095238095238,0,1.536666667,57.61833333333333
188,2023,1,전북,66.82457212713936,3.5,22.5,0.0021666666666666,0.0136999999999999,0.0316333333333333,0.3899999999999999,55.0,29.666666666666668,0,1.656666667,59.275333333333336
189,2023,2,전북,73.60441859132328,17.866666666666664,164.46666666666667,0.0020666666666666,0.0077666666666666,0.0459333333333333,0.3066666666666666,45.0,20.0,0,1.826666667,46.944
190,2023,3,전북,85.10888952002271,25.1,362.1333333333334,0.0021666666666666,0.0058666666666666,0.0329666666666666,0.2933333333333334,24.0,13.666666666666666,0,1.455172414,40.26466666666666
191,2023,4,전북,75.98007537509777,8.700000000000001,74.26666666666667,0.0021,0.0107333333333333,0.0288666666666666,0.3733333333333333,32.0,17.666666666666668,0,1.643333333,49.14233333333334
192,2018,1,전남,71.22639034911826,3.4,74.43333333333334,0.0042916666666666,0.0148333333333333,0.0296666666666666,0.4708333333333334,40.91666666666666,26.416666666666668,0,2.933333333,54.34690476190475
193,2018,2,전남,78.41696972305309,17.7,156.1,0.0045,0.0102307692307692,0.0391153846153846,0.3846153846153847,40.57692307692308,22.03846153846154,1,2.583333333,46.80976190476191
194,2018,3,전남,82.39246613274261,25.3,176.03333333333333,0.0042222222222222,0.008,0.0254814814814814,0.3962962962962963,24.11111111111111,14.037037037037036,0,2.507317073,48.92714285714286
195,2018,4,전남,72.84991292642016,9.466666666666669,88.73333333333333,0.0043103448275862,0.0156551724137931,0.0226551724137931,0.4965517241379309,39.27586206896552,23.17241379310345,0,2.507142857,58.8007142857143
196,2019,1,전남,66.82560080463952,4.766666666666667,34.53333333333333,0.003953488372093,0.0128837209302325,0.0339302325581395,0.5302325581395348,47.906976744186046,29.837209302325583,0,3.173809524,58.2897619047619
197,2019,2,전남,75.24109731469818,17.033333333333335,147.16666666666666,0.0037090909090909,0.008890909090909,0.044290909090909,0.4745454545454545,36.127272727272725,19.945454545454545,1,2.419047619,52.71809523809524
198,2019,3,전남,86.76578747263017,24.23333333333333,214.66666666666663,0.0033870967741935,0.0061129032258064,0.030258064516129,0.4016129032258064,24.258064516129032,14.064516129032258,1,2.245,40.90341463414634
199,2019,4,전남,74.58423951544347,10.766666666666666,86.7,0.0033484848484848,0.0107272727272727,0.0256666666666666,0.4424242424242424,31.33333333333333,16.606060606060606,1,2.548717949,57.18128205128205
200,2020,1,전남,72.0178327064919,6.033333333333334,53.7,0.0030151515151515,0.0104848484848484,0.0312424242424242,0.4409090909090908,33.13636363636363,19.439393939393938,0,2.946153846,53.69102564102565
201,2020,2,전남,76.28777103058758,16.733333333333334,181.5,0.0028787878787878,0.0069090909090909,0.0419393939393939,0.3909090909090909,30.53030303030303,15.636363636363637,1,2.661538462,53.279487179487184
202,2020,3,전남,88.06050251425872,23.73333333333333,284.56666666666666,0.0026969696969696,0.005590909090909,0.0284393939393939,0.393939393939394,22.01515151515152,12.606060606060606,0,2.269230769,34.67923076923077
203,2020,4,전남,69.78176447907346,9.8,18.9,0.0027121212121212,0.0108636363636363,0.0281818181818181,0.4,29.46969696969697,16.272727272727273,0,2.621052632,58.75589743589744
204,2021,1,전남,72.07044683674974,5.666666666666667,67.83333333333333,0.0028095238095238,0.011090909090909,0.0322575757575757,0.4375,45.81818181818182,19.75757575757576,0,2.848717949,56.224615384615376
205,2021,2,전남,73.11228149465673,17.8,99.93333333333334,0.0026461538461538,0.0069696969696969,0.0447878787878787,0.3863636363636363,37.0,15.833333333333334,1,2.525641026,53.02025641025641
206,2021,3,전남,84.31871359073412,24.96666666666667,265.7,0.0026969696969696,0.0051666666666666,0.0308181818181818,0.3523076923076922,19.5,9.818181818181818,1,2.174358974,40.40461538461538
207,2021,4,전남,73.20514085101136,10.533333333333331,30.666666666666668,0.002476923076923,0.0098787878787878,0.0280757575757575,0.3712121212121212,30.303030303030305,16.62121212121212,0,2.412820513,58.500256410256405
208,2022,1,전남,64.90734176544248,4.2,42.66666666666666,0.002560606060606,0.0096666666666666,0.035060606060606,0.3893939393939393,33.86363636363637,19.73846153846154,0,2.971794872,58.777179487179495
209,2022,2,전남,71.85342552101801,18.03333333333333,59.16666666666666,0.0026969696969696,0.0062121212121212,0.0433484848484848,0.3227272727272727,27.424242424242426,13.787878787878787,1,2.446153846,53.72358974358974
210,2022,3,전남,82.78588188016904,24.933333333333334,165.13333333333333,0.0026818181818181,0.0047575757575757,0.0312575757575757,0.3272727272727272,19.57575757575757,10.136363636363637,0,2.412820513,40.350512820512826
211,2022,4,전남,70.35677967657263,9.666666666666666,31.933333333333334,0.0024923076923076,0.0095230769230769,0.0283999999999999,0.3553846153846153,27.41538461538461,14.692307692307692,1,2.615384615,59.94179487179488
212,2023,1,전남,66.8875477945037,5.3,42.63333333333333,0.0026666666666666,0.0117666666666666,0.0331666666666666,0.4133333333333333,42.0,19.666666666666668,0,2.7,58.38564102564101
213,2023,2,전남,77.05118983432996,17.7,189.9,0.0026,0.0069999999999999,0.0428,0.3433333333333333,38.0,14.333333333333334,1,2.458974359,44.552564102564105
214,2023,3,전남,86.2060957289593,25.33333333333333,311.6333333333333,0.0026666666666666,0.0055,0.0302333333333333,0.3466666666666667,20.33333333333333,10.666666666666666,0,1.969230769,40.67487179487179
215,2023,4,전남,74.65875349065578,10.6,53.3,0.0025666666666666,0.0092,0.0305,0.3799999999999999,26.0,13.333333333333334,0,2.469230769,52.09333333333334
216,2018,1,제주,71.88534426331702,7.2,93.36666666666667,0.0023333333333333,0.0115,0.0378333333333333,0.35,39.16666666666666,21.83333333333333,0,4.116666667,44.72916666666666
217,2018,2,제주,78.6732102865086,18.53333333333333,231.4333333333333,0.0029999999999999,0.0088333333333333,0.0433333333333333,0.25,42.0,21.83333333333333,0,3.090909091,41.77166666666667
218,2018,3,제주,84.59428121477868,26.066666666666663,186.9,0.0028333333333333,0.0061666666666666,0.0311666666666666,0.1666666666666666,26.0,14.166666666666666,0,3.391666667,52.340833333333336
219,2018,4,제주,71.38298186108244,13.4,107.43333333333334,0.0023333333333333,0.0106666666666666,0.0424999999999999,0.25,33.0,18.666666666666668,0,3.566666667,49.20333333333334
220,2019,1,제주,67.29915283059704,8.333333333333334,47.23333333333333,0.0023333333333333,0.0119999999999999,0.0451666666666666,0.3833333333333333,43.0,25.33333333333333,0,3.808333333,47.67083333333334
221,2019,2,제주,71.43514252481155,18.266666666666666,146.96666666666667,0.0028333333333333,0.0101666666666666,0.0541666666666666,0.2833333333333333,37.833333333333336,19.666666666666668,0,2.65,53.00833333333333
222,2019,3,제주,86.70095731892769,25.133333333333336,412.26666666666665,0.002,0.0073333333333333,0.0381666666666666,0.2166666666666666,27.0,15.666666666666666,0,3.058333333,40.47083333333334
223,2019,4,제주,72.89086859688196,14.699999999999998,94.36666666666667,0.0018333333333333,0.0096666666666666,0.0395,0.2833333333333334,34.5,15.5,0,3.766666667,51.48833333333334
224,2020,1,제주,71.63743568992427,9.666666666666666,87.36666666666667,0.0015,0.01,0.0398333333333333,0.3666666666666667,34.333333333333336,18.33333333333333,0,3.925,45.02583333333333
225,2020,2,제주,74.69286011806443,17.766666666666666,177.46666666666667,0.0015,0.0086666666666666,0.0456666666666666,0.3166666666666667,35.333333333333336,17.0,1,3.241666667,50.96833333333333
226,2020,3,제주,86.85439023027051,24.73333333333333,270.5,0.0013333333333333,0.0068333333333333,0.0335,0.2166666666666666,24.83333333333333,12.166666666666666,0,3.241666667,41.39
227,2020,4,제주,69.29018656819247,13.333333333333334,33.4,0.0015,0.0096666666666666,0.0385,0.3,28.5,14.166666666666666,0,3.583333333,53.30500000000001
228,2021,1,제주,70.6754536987384,9.5,93.23333333333336,0.0011666666666666,0.0084999999999999,0.0431666666666666,0.3,46.0,18.0,0,4.225,48.87666666666667
229,2021,2,제주,73.44162903495568,18.933333333333334,139.29999999999998,0.0015,0.0076666666666666,0.0498333333333333,0.2833333333333333,34.333333333333336,14.333333333333334,0,3.258333333,53.10166666666667
230,2021,3,제주,87.06464978625452,26.03333333333333,327.7333333333333,0.0015,0.0053333333333333,0.0341666666666666,0.2166666666666666,18.83333333333333,7.833333333333333,0,3.216666667,41.71333333333333
231,2021,4,제주,72.02168099212618,14.199999999999998,42.96666666666667,0.0013333333333333,0.0083333333333333,0.0428333333333333,0.3,29.33333333333333,14.166666666666666,0,3.966666667,56.42416666666666
232,2022,1,제주,69.45719724960234,7.733333333333333,56.06666666666666,0.0011666666666666,0.0084999999999999,0.0448333333333333,0.3,31.5,17.5,1,4.075,44.89166666666667
233,2022,2,제주,74.33702665144672,19.0,104.73333333333332,0.0013333333333333,0.0069999999999999,0.0463333333333333,0.2166666666666666,26.83333333333333,13.5,0,3.175,51.22083333333333
234,2022,3,제주,83.26776385512125,26.46666666666667,241.2333333333333,0.0011666666666666,0.0051666666666666,0.0361666666666666,0.25,22.166666666666668,10.833333333333334,0,3.525,47.301666666666655
235,2022,4,제주,72.00864272221057,13.533333333333331,52.133333333333326,0.0011666666666666,0.0073333333333333,0.0401666666666666,0.2666666666666666,28.166666666666668,14.333333333333334,0,4.075,49.4325
236,2023,1,제주,70.40025326073193,9.033333333333331,63.5,0.0016,0.0083,0.0439,0.3333333333333333,40.66666666666666,18.0,0,3.75,46.4275
237,2023,2,제주,77.60948495283725,18.7,278.40000000000003,0.0015333333333333,0.0065,0.0477333333333333,0.25,39.66666666666666,14.333333333333334,0,3.466666667,42.005
238,2023,3,제주,86.91605830353596,26.666666666666668,204.86666666666667,0.0015,0.0052999999999999,0.0327999999999999,0.2666666666666666,20.0,10.333333333333334,0,3.141666667,44.95333333333334
239,2023,4,제주,73.39146615571687,14.1,50.36666666666667,0.0014666666666666,0.0071666666666666,0.0414333333333333,0.2766666666666666,25.33333333333333,12.333333333333334,0,3.95,47.93
